00001111110000010000010000010111
00000010010001000000010010010011
00000010100001000000100100010011
00000000000010010010011000000011
00000000110000000000000011101111
00000000101001001010000000100011
00000011110000000000000001101111
00000000000101100010001010010011
00000000000000101000011001100011
00000000000100000000010100010011
00000000000000001000000001100111
11111111100000010000000100010011
00000000000100010010001000100011
00000000110000010010000000100011
11111111111101100000011000010011
11111110000111111111000011101111
00000000000000010010011000000011
00000000010000010010000010000011
00000000100000010000000100010011
00000010101001100000010100110011
00000000000000001000000001100111
